  
       XFOIL         Version 6.99
  
 Calculated polar for: NACA 4412                                       
  
 1 1 Reynolds number fixed          Mach number fixed         
  
 xtrf =   1.000 (top)        1.000 (bottom)  
 Mach =   0.000     Re =    17.000 e 6     Ncrit =   9.000
  
   alpha    CL        CD       CDp       CM     Top_Xtr  Bot_Xtr
  ------ -------- --------- --------- -------- -------- --------
  -4.800  -0.0716   0.00551   0.00118  -0.1025   0.5482   0.0242
  -4.600  -0.0484   0.00550   0.00113  -0.1026   0.5380   0.0247
  -4.400  -0.0253   0.00546   0.00109  -0.1027   0.5306   0.0269
  -4.200  -0.0021   0.00543   0.00105  -0.1028   0.5217   0.0285
  -4.000   0.0210   0.00541   0.00102  -0.1030   0.5140   0.0291
  -3.800   0.0442   0.00539   0.00098  -0.1031   0.5055   0.0314
  -3.600   0.0675   0.00535   0.00095  -0.1032   0.4995   0.0335
  -3.400   0.0906   0.00534   0.00092  -0.1033   0.4900   0.0353
  -3.200   0.1139   0.00530   0.00089  -0.1035   0.4853   0.0385
  -3.000   0.1370   0.00530   0.00087  -0.1036   0.4769   0.0398
  -2.800   0.1604   0.00527   0.00084  -0.1038   0.4722   0.0433
  -2.600   0.1836   0.00524   0.00081  -0.1039   0.4669   0.0464
  -2.400   0.2068   0.00524   0.00080  -0.1040   0.4586   0.0500
  -2.200   0.2302   0.00520   0.00077  -0.1042   0.4560   0.0537
  -2.000   0.2534   0.00518   0.00076  -0.1043   0.4513   0.0581
  -1.800   0.2766   0.00517   0.00075  -0.1045   0.4444   0.0627
  -1.600   0.3000   0.00515   0.00073  -0.1046   0.4407   0.0666
  -1.400   0.3233   0.00512   0.00072  -0.1048   0.4376   0.0728
  -1.200   0.3465   0.00512   0.00072  -0.1049   0.4327   0.0788
  -1.000   0.3697   0.00510   0.00071  -0.1051   0.4263   0.0851
  -0.800   0.3931   0.00508   0.00070  -0.1053   0.4243   0.0927
  -0.600   0.4164   0.00506   0.00070  -0.1054   0.4213   0.0980
  -0.400   0.4395   0.00505   0.00070  -0.1056   0.4163   0.1086
  -0.200   0.4628   0.00506   0.00071  -0.1057   0.4099   0.1134
   0.000   0.4861   0.00503   0.00070  -0.1059   0.4084   0.1256
   0.200   0.5094   0.00503   0.00071  -0.1061   0.4050   0.1333
   0.400   0.5324   0.00504   0.00072  -0.1062   0.3983   0.1414
   0.600   0.5556   0.00503   0.00073  -0.1063   0.3928   0.1548
   0.800   0.5787   0.00504   0.00075  -0.1065   0.3877   0.1646
   1.000   0.6015   0.00507   0.00077  -0.1066   0.3783   0.1740
   1.200   0.6246   0.00507   0.00079  -0.1067   0.3743   0.1889
   1.400   0.6473   0.00512   0.00082  -0.1068   0.3631   0.2002
   1.600   0.6703   0.00513   0.00085  -0.1069   0.3580   0.2147
   1.800   0.6928   0.00518   0.00088  -0.1070   0.3467   0.2239
   2.000   0.7155   0.00522   0.00092  -0.1071   0.3383   0.2400
   2.200   0.7381   0.00526   0.00096  -0.1072   0.3283   0.2558
   2.400   0.7604   0.00534   0.00102  -0.1072   0.3149   0.2710
   2.600   0.7825   0.00542   0.00108  -0.1072   0.3009   0.2884
   2.800   0.8046   0.00551   0.00115  -0.1071   0.2861   0.3041
   3.000   0.8266   0.00560   0.00122  -0.1071   0.2726   0.3232
   3.200   0.8485   0.00570   0.00129  -0.1071   0.2585   0.3428
   3.400   0.8702   0.00580   0.00138  -0.1070   0.2422   0.3668
   3.600   0.8919   0.00590   0.00146  -0.1070   0.2275   0.3972
   4.000   0.9350   0.00607   0.00166  -0.1068   0.1970   0.4812
   4.200   0.9566   0.00616   0.00176  -0.1068   0.1839   0.5139
   4.400   0.9779   0.00628   0.00187  -0.1067   0.1678   0.5495
   4.600   0.9993   0.00639   0.00198  -0.1066   0.1538   0.5819
   4.800   1.0205   0.00650   0.00209  -0.1064   0.1403   0.6184
   5.000   1.0416   0.00663   0.00222  -0.1063   0.1260   0.6554
   5.200   1.0628   0.00673   0.00234  -0.1062   0.1145   0.6966
   5.400   1.0837   0.00686   0.00248  -0.1060   0.1013   0.7331
   5.600   1.1049   0.00695   0.00260  -0.1059   0.0933   0.7779
   5.800   1.1260   0.00703   0.00273  -0.1057   0.0838   0.8227
   6.000   1.1468   0.00712   0.00286  -0.1055   0.0746   0.8694
   6.200   1.1668   0.00720   0.00301  -0.1051   0.0656   0.9238
   6.400   1.1841   0.00727   0.00315  -0.1041   0.0597   0.9781
   6.600   1.2073   0.00740   0.00326  -0.1044   0.0537   1.0000
   6.800   1.2283   0.00757   0.00339  -0.1042   0.0477   1.0000
   7.000   1.2492   0.00774   0.00352  -0.1040   0.0442   1.0000
   7.200   1.2702   0.00789   0.00365  -0.1038   0.0398   1.0000
   7.400   1.2908   0.00808   0.00380  -0.1036   0.0353   1.0000
   7.600   1.3119   0.00822   0.00391  -0.1035   0.0333   1.0000
   7.800   1.3324   0.00840   0.00406  -0.1032   0.0303   1.0000
   8.000   1.3533   0.00854   0.00419  -0.1030   0.0283   1.0000
   8.200   1.3736   0.00872   0.00434  -0.1028   0.0259   1.0000
   8.400   1.3942   0.00888   0.00448  -0.1026   0.0238   1.0000
   8.600   1.4146   0.00904   0.00463  -0.1023   0.0226   1.0000
   8.800   1.4347   0.00923   0.00479  -0.1020   0.0205   1.0000
   9.000   1.4551   0.00938   0.00492  -0.1018   0.0198   1.0000
   9.200   1.4751   0.00955   0.00508  -0.1015   0.0187   1.0000
   9.400   1.4947   0.00975   0.00526  -0.1011   0.0170   1.0000
   9.600   1.5147   0.00991   0.00541  -0.1008   0.0163   1.0000
   9.800   1.5343   0.01009   0.00558  -0.1005   0.0156   1.0000
  10.000   1.5535   0.01030   0.00577  -0.1000   0.0145   1.0000
  10.200   1.5728   0.01048   0.00594  -0.0996   0.0136   1.0000
  10.400   1.5922   0.01066   0.00611  -0.0992   0.0133   1.0000
  10.600   1.6112   0.01085   0.00629  -0.0988   0.0129   1.0000
  10.800   1.6297   0.01107   0.00649  -0.0982   0.0122   1.0000
  11.000   1.6479   0.01129   0.00670  -0.0977   0.0113   1.0000
  11.200   1.6664   0.01149   0.00689  -0.0971   0.0109   1.0000
  11.400   1.6846   0.01169   0.00709  -0.0966   0.0106   1.0000
  11.600   1.7023   0.01191   0.00731  -0.0959   0.0103   1.0000
  11.800   1.7193   0.01216   0.00754  -0.0951   0.0098   1.0000
  12.000   1.7358   0.01241   0.00778  -0.0943   0.0092   1.0000
  12.200   1.7521   0.01265   0.00802  -0.0933   0.0087   1.0000
  12.400   1.7678   0.01287   0.00824  -0.0923   0.0086   1.0000
  12.600   1.7819   0.01310   0.00847  -0.0910   0.0085   1.0000
  12.800   1.7954   0.01335   0.00873  -0.0895   0.0084   1.0000
  13.000   1.8089   0.01363   0.00900  -0.0882   0.0082   1.0000
  13.200   1.8217   0.01394   0.00932  -0.0867   0.0079   1.0000
  13.400   1.8344   0.01427   0.00965  -0.0852   0.0076   1.0000
  13.600   1.8468   0.01462   0.01000  -0.0838   0.0072   1.0000
  13.800   1.8595   0.01497   0.01035  -0.0824   0.0068   1.0000
  14.000   1.8720   0.01533   0.01071  -0.0810   0.0067   1.0000
  14.200   1.8849   0.01569   0.01108  -0.0798   0.0067   1.0000
  14.400   1.8971   0.01607   0.01147  -0.0784   0.0066   1.0000
  14.600   1.9090   0.01649   0.01190  -0.0771   0.0065   1.0000
  14.800   1.9207   0.01694   0.01236  -0.0758   0.0064   1.0000
  15.000   1.9313   0.01744   0.01286  -0.0743   0.0062   1.0000
  15.200   1.9419   0.01797   0.01339  -0.0729   0.0060   1.0000
  15.400   1.9514   0.01856   0.01400  -0.0715   0.0058   1.0000
  15.600   1.9611   0.01917   0.01461  -0.0701   0.0056   1.0000
  15.800   1.9705   0.01980   0.01525  -0.0687   0.0054   1.0000
  16.000   1.9795   0.02048   0.01594  -0.0673   0.0052   1.0000
