  
       XFOIL         Version 6.99
  
 Calculated polar for: NACA 4412                                       
  
 1 1 Reynolds number fixed          Mach number fixed         
  
 xtrf =   1.000 (top)        1.000 (bottom)  
 Mach =   0.000     Re =    39.000 e 6     Ncrit =   9.000
  
   alpha    CL        CD       CDp       CM     Top_Xtr  Bot_Xtr
  ------ -------- --------- --------- -------- -------- --------
  -4.700  -0.0618   0.00514   0.00105  -0.1025   0.4560   0.0206
  -4.600  -0.0501   0.00513   0.00103  -0.1025   0.4541   0.0208
  -4.500  -0.0384   0.00512   0.00102  -0.1026   0.4513   0.0208
  -4.400  -0.0268   0.00511   0.00100  -0.1027   0.4477   0.0214
  -4.300  -0.0151   0.00510   0.00099  -0.1028   0.4442   0.0223
  -4.200  -0.0034   0.00508   0.00096  -0.1028   0.4414   0.0231
  -4.100   0.0083   0.00505   0.00094  -0.1029   0.4409   0.0240
  -4.000   0.0200   0.00503   0.00093  -0.1030   0.4397   0.0246
  -3.900   0.0317   0.00502   0.00091  -0.1031   0.4377   0.0247
  -3.800   0.0434   0.00501   0.00090  -0.1032   0.4353   0.0252
  -3.700   0.0551   0.00501   0.00089  -0.1032   0.4320   0.0263
  -3.600   0.0668   0.00499   0.00088  -0.1033   0.4287   0.0274
  -3.500   0.0785   0.00497   0.00086  -0.1034   0.4256   0.0283
  -3.400   0.0902   0.00495   0.00084  -0.1035   0.4252   0.0288
  -3.300   0.1020   0.00494   0.00083  -0.1036   0.4247   0.0290
  -3.200   0.1138   0.00493   0.00082  -0.1037   0.4235   0.0294
  -3.100   0.1254   0.00491   0.00081  -0.1037   0.4216   0.0313
  -3.000   0.1371   0.00490   0.00080  -0.1038   0.4190   0.0328
  -2.900   0.1487   0.00489   0.00079  -0.1039   0.4168   0.0338
  -2.800   0.1605   0.00488   0.00078  -0.1040   0.4141   0.0341
  -2.700   0.1722   0.00488   0.00077  -0.1041   0.4110   0.0350
  -2.600   0.1840   0.00486   0.00076  -0.1042   0.4095   0.0365
  -2.500   0.1957   0.00484   0.00075  -0.1042   0.4092   0.0383
  -2.400   0.2075   0.00482   0.00074  -0.1043   0.4085   0.0394
  -2.300   0.2192   0.00481   0.00073  -0.1044   0.4076   0.0398
  -2.200   0.2309   0.00481   0.00072  -0.1045   0.4056   0.0413
  -2.100   0.2425   0.00481   0.00072  -0.1046   0.4018   0.0440
  -2.000   0.2541   0.00480   0.00071  -0.1047   0.3987   0.0454
  -1.900   0.2658   0.00480   0.00071  -0.1047   0.3944   0.0463
  -1.800   0.2776   0.00479   0.00070  -0.1048   0.3935   0.0469
  -1.700   0.2893   0.00478   0.00070  -0.1049   0.3924   0.0490
  -1.600   0.3010   0.00477   0.00069  -0.1050   0.3907   0.0521
  -1.500   0.3126   0.00477   0.00069  -0.1051   0.3872   0.0540
  -1.400   0.3242   0.00478   0.00069  -0.1051   0.3830   0.0545
  -1.300   0.3358   0.00478   0.00069  -0.1052   0.3791   0.0572
  -1.200   0.3476   0.00477   0.00068  -0.1053   0.3775   0.0599
  -1.100   0.3593   0.00475   0.00067  -0.1054   0.3763   0.0629
  -1.000   0.3708   0.00477   0.00068  -0.1055   0.3726   0.0630
  -0.900   0.3824   0.00478   0.00069  -0.1055   0.3681   0.0664
  -0.800   0.3940   0.00478   0.00069  -0.1056   0.3633   0.0696
  -0.700   0.4057   0.00477   0.00068  -0.1057   0.3619   0.0724
  -0.600   0.4173   0.00477   0.00068  -0.1058   0.3598   0.0733
  -0.500   0.4288   0.00479   0.00069  -0.1058   0.3556   0.0768
  -0.400   0.4403   0.00480   0.00070  -0.1059   0.3506   0.0810
  -0.300   0.4520   0.00479   0.00069  -0.1060   0.3469   0.0840
  -0.200   0.4637   0.00479   0.00069  -0.1061   0.3458   0.0850
  -0.100   0.4752   0.00481   0.00071  -0.1061   0.3419   0.0866
   0.000   0.4866   0.00483   0.00072  -0.1062   0.3351   0.0933
   0.100   0.4982   0.00483   0.00072  -0.1062   0.3311   0.0969
   0.200   0.5098   0.00484   0.00072  -0.1063   0.3291   0.0979
   0.300   0.5212   0.00486   0.00074  -0.1064   0.3247   0.1000
   0.400   0.5326   0.00488   0.00075  -0.1064   0.3173   0.1066
   0.500   0.5443   0.00488   0.00075  -0.1065   0.3154   0.1109
   0.600   0.5557   0.00490   0.00076  -0.1065   0.3114   0.1120
   0.700   0.5671   0.00494   0.00079  -0.1066   0.3048   0.1145
   0.800   0.5786   0.00494   0.00079  -0.1066   0.3006   0.1204
   0.900   0.5901   0.00495   0.00080  -0.1067   0.2977   0.1252
   1.000   0.6013   0.00499   0.00082  -0.1067   0.2904   0.1269
   1.100   0.6129   0.00501   0.00083  -0.1068   0.2854   0.1323
   1.200   0.6243   0.00502   0.00085  -0.1068   0.2815   0.1396
   1.300   0.6355   0.00507   0.00087  -0.1068   0.2731   0.1416
   1.400   0.6470   0.00508   0.00088  -0.1069   0.2694   0.1435
   1.500   0.6583   0.00512   0.00090  -0.1069   0.2648   0.1497
   1.600   0.6695   0.00515   0.00092  -0.1070   0.2554   0.1546
   1.700   0.6809   0.00517   0.00094  -0.1070   0.2521   0.1580
   1.800   0.6919   0.00523   0.00098  -0.1070   0.2426   0.1649
   1.900   0.7034   0.00524   0.00099  -0.1071   0.2393   0.1703
   2.000   0.7145   0.00530   0.00102  -0.1070   0.2322   0.1731
   2.100   0.7258   0.00533   0.00104  -0.1071   0.2245   0.1761
   2.200   0.7370   0.00536   0.00107  -0.1071   0.2204   0.1864
   2.300   0.7481   0.00541   0.00110  -0.1071   0.2119   0.1895
   2.400   0.7594   0.00544   0.00112  -0.1071   0.2075   0.1908
   2.500   0.7704   0.00551   0.00116  -0.1071   0.1985   0.1980
   2.600   0.7818   0.00552   0.00117  -0.1072   0.1950   0.2054
   2.700   0.7927   0.00559   0.00122  -0.1071   0.1858   0.2086
   2.800   0.8040   0.00562   0.00124  -0.1071   0.1806   0.2157
   2.900   0.8151   0.00566   0.00127  -0.1072   0.1758   0.2218
   3.000   0.8262   0.00572   0.00130  -0.1071   0.1674   0.2243
   3.100   0.8374   0.00574   0.00133  -0.1072   0.1642   0.2354
   3.200   0.8482   0.00581   0.00138  -0.1071   0.1541   0.2398
   3.400   0.8704   0.00591   0.00145  -0.1071   0.1447   0.2508
   3.500   0.8816   0.00594   0.00147  -0.1072   0.1387   0.2553
   3.600   0.8925   0.00600   0.00151  -0.1071   0.1335   0.2621
   3.700   0.9037   0.00604   0.00155  -0.1071   0.1284   0.2719
   3.900   0.9257   0.00615   0.00162  -0.1071   0.1185   0.2813
   4.000   0.9368   0.00618   0.00166  -0.1071   0.1126   0.2909
   4.100   0.9479   0.00623   0.00170  -0.1071   0.1091   0.2975
   4.300   0.9698   0.00633   0.00178  -0.1071   0.0986   0.3092
   4.400   0.9807   0.00638   0.00182  -0.1071   0.0949   0.3202
   4.500   0.9917   0.00644   0.00187  -0.1071   0.0887   0.3254
   4.600   1.0029   0.00646   0.00189  -0.1071   0.0867   0.3354
   4.700   1.0134   0.00655   0.00196  -0.1070   0.0799   0.3427
   4.800   1.0246   0.00658   0.00199  -0.1070   0.0763   0.3529
   4.900   1.0357   0.00661   0.00202  -0.1070   0.0753   0.3595
   5.000   1.0464   0.00668   0.00208  -0.1070   0.0709   0.3703
   5.100   1.0574   0.00672   0.00213  -0.1070   0.0670   0.3823
   5.300   1.0794   0.00680   0.00221  -0.1070   0.0625   0.4007
   5.400   1.0901   0.00686   0.00227  -0.1069   0.0573   0.4160
   5.500   1.1011   0.00689   0.00230  -0.1069   0.0556   0.4292
   5.600   1.1120   0.00693   0.00235  -0.1069   0.0537   0.4421
   5.700   1.1227   0.00699   0.00241  -0.1069   0.0506   0.4529
   5.800   1.1337   0.00702   0.00245  -0.1069   0.0477   0.4658
   5.900   1.1446   0.00706   0.00250  -0.1069   0.0464   0.4793
   6.000   1.1552   0.00713   0.00256  -0.1068   0.0428   0.4943
   6.100   1.1661   0.00716   0.00261  -0.1068   0.0405   0.5078
   6.200   1.1771   0.00720   0.00265  -0.1068   0.0400   0.5140
   6.300   1.1879   0.00724   0.00270  -0.1068   0.0386   0.5282
   6.400   1.1985   0.00730   0.00276  -0.1067   0.0362   0.5418
   6.500   1.2094   0.00734   0.00281  -0.1067   0.0342   0.5518
   6.600   1.2202   0.00738   0.00286  -0.1067   0.0333   0.5629
   6.700   1.2309   0.00744   0.00292  -0.1066   0.0317   0.5764
   6.800   1.2416   0.00750   0.00298  -0.1066   0.0298   0.5873
   6.900   1.2524   0.00753   0.00302  -0.1066   0.0287   0.5992
   7.000   1.2633   0.00756   0.00307  -0.1066   0.0284   0.6138
   7.100   1.2740   0.00761   0.00313  -0.1065   0.0275   0.6273
   7.200   1.2846   0.00767   0.00320  -0.1065   0.0262   0.6366
   7.300   1.2952   0.00772   0.00325  -0.1064   0.0247   0.6497
   7.400   1.3060   0.00775   0.00330  -0.1064   0.0240   0.6648
   7.500   1.3167   0.00780   0.00336  -0.1064   0.0233   0.6795
   7.600   1.3272   0.00785   0.00343  -0.1063   0.0224   0.6937
   7.700   1.3377   0.00791   0.00349  -0.1062   0.0211   0.7069
   7.800   1.3483   0.00795   0.00355  -0.1062   0.0201   0.7230
   7.900   1.3590   0.00798   0.00360  -0.1062   0.0199   0.7397
   8.000   1.3697   0.00802   0.00366  -0.1061   0.0196   0.7549
   8.100   1.3802   0.00807   0.00373  -0.1061   0.0191   0.7721
   8.200   1.3906   0.00812   0.00380  -0.1060   0.0183   0.7903
   8.300   1.4010   0.00816   0.00387  -0.1059   0.0175   0.8086
   8.400   1.4115   0.00820   0.00393  -0.1059   0.0167   0.8300
   8.500   1.4220   0.00822   0.00399  -0.1058   0.0165   0.8523
   8.600   1.4325   0.00825   0.00405  -0.1057   0.0163   0.8742
   8.700   1.4426   0.00829   0.00413  -0.1056   0.0157   0.9033
   8.800   1.4525   0.00832   0.00421  -0.1054   0.0149   0.9332
   8.900   1.4614   0.00833   0.00429  -0.1050   0.0144   0.9688
   9.000   1.4713   0.00836   0.00435  -0.1048   0.0137   0.9990
   9.100   1.4817   0.00843   0.00441  -0.1047   0.0135   1.0000
   9.200   1.4921   0.00849   0.00447  -0.1046   0.0134   1.0000
   9.300   1.5025   0.00856   0.00453  -0.1045   0.0133   1.0000
   9.400   1.5127   0.00864   0.00460  -0.1044   0.0130   1.0000
   9.500   1.5228   0.00872   0.00467  -0.1043   0.0126   1.0000
   9.600   1.5329   0.00881   0.00475  -0.1041   0.0122   1.0000
   9.700   1.5430   0.00889   0.00482  -0.1040   0.0118   1.0000
   9.800   1.5531   0.00896   0.00489  -0.1039   0.0113   1.0000
   9.900   1.5633   0.00904   0.00496  -0.1038   0.0109   1.0000
  10.000   1.5734   0.00911   0.00502  -0.1037   0.0109   1.0000
  10.100   1.5836   0.00918   0.00509  -0.1035   0.0108   1.0000
  10.200   1.5936   0.00926   0.00516  -0.1034   0.0107   1.0000
  10.300   1.6035   0.00934   0.00524  -0.1032   0.0105   1.0000
  10.400   1.6132   0.00945   0.00533  -0.1030   0.0100   1.0000
  10.500   1.6229   0.00954   0.00542  -0.1029   0.0097   1.0000
  10.600   1.6327   0.00963   0.00550  -0.1027   0.0094   1.0000
  10.700   1.6425   0.00971   0.00558  -0.1025   0.0090   1.0000
  10.800   1.6523   0.00980   0.00565  -0.1023   0.0087   1.0000
  10.900   1.6621   0.00988   0.00573  -0.1022   0.0087   1.0000
  11.000   1.6719   0.00996   0.00580  -0.1020   0.0086   1.0000
  11.100   1.6816   0.01004   0.00588  -0.1018   0.0086   1.0000
  11.200   1.6913   0.01012   0.00596  -0.1016   0.0085   1.0000
  11.300   1.7009   0.01021   0.00604  -0.1014   0.0084   1.0000
  11.400   1.7104   0.01030   0.00613  -0.1012   0.0083   1.0000
  11.500   1.7198   0.01040   0.00622  -0.1010   0.0081   1.0000
  11.600   1.7290   0.01051   0.00632  -0.1007   0.0079   1.0000
  11.700   1.7382   0.01061   0.00642  -0.1004   0.0077   1.0000
  11.800   1.7473   0.01071   0.00652  -0.1002   0.0075   1.0000
  11.900   1.7565   0.01081   0.00661  -0.0999   0.0073   1.0000
  12.000   1.7657   0.01091   0.00671  -0.0996   0.0071   1.0000
  12.100   1.7748   0.01101   0.00680  -0.0993   0.0069   1.0000
  12.200   1.7839   0.01111   0.00690  -0.0991   0.0067   1.0000
  12.300   1.7930   0.01120   0.00699  -0.0988   0.0067   1.0000
  12.400   1.8021   0.01130   0.00708  -0.0985   0.0067   1.0000
  12.500   1.8110   0.01139   0.00717  -0.0982   0.0067   1.0000
  12.600   1.8199   0.01149   0.00727  -0.0979   0.0066   1.0000
  12.700   1.8287   0.01160   0.00737  -0.0976   0.0066   1.0000
  12.800   1.8374   0.01170   0.00747  -0.0972   0.0065   1.0000
  12.900   1.8458   0.01181   0.00758  -0.0968   0.0064   1.0000
  13.000   1.8539   0.01193   0.00769  -0.0963   0.0063   1.0000
  13.100   1.8614   0.01207   0.00783  -0.0958   0.0061   1.0000
  13.200   1.8693   0.01218   0.00794  -0.0953   0.0060   1.0000
  13.300   1.8768   0.01231   0.00807  -0.0947   0.0058   1.0000
  13.400   1.8838   0.01243   0.00818  -0.0941   0.0057   1.0000
  13.500   1.8901   0.01256   0.00831  -0.0932   0.0055   1.0000
  13.600   1.8965   0.01268   0.00843  -0.0924   0.0054   1.0000
  13.700   1.9028   0.01281   0.00856  -0.0916   0.0053   1.0000
  13.800   1.9090   0.01294   0.00869  -0.0908   0.0052   1.0000
  13.900   1.9157   0.01307   0.00882  -0.0901   0.0051   1.0000
  14.000   1.9224   0.01320   0.00895  -0.0894   0.0050   1.0000
  14.100   1.9289   0.01333   0.00908  -0.0887   0.0050   1.0000
  14.200   1.9353   0.01347   0.00922  -0.0880   0.0050   1.0000
  14.300   1.9420   0.01361   0.00936  -0.0873   0.0050   1.0000
  14.400   1.9488   0.01375   0.00950  -0.0867   0.0050   1.0000
  14.500   1.9552   0.01390   0.00966  -0.0860   0.0050   1.0000
  14.600   1.9614   0.01406   0.00982  -0.0853   0.0050   1.0000
  14.700   1.9677   0.01422   0.00997  -0.0846   0.0049   1.0000
  14.800   1.9743   0.01438   0.01013  -0.0840   0.0049   1.0000
  14.900   1.9807   0.01454   0.01030  -0.0833   0.0049   1.0000
  15.000   1.9865   0.01473   0.01049  -0.0826   0.0049   1.0000
  15.100   1.9926   0.01491   0.01067  -0.0819   0.0049   1.0000
  15.200   1.9985   0.01510   0.01086  -0.0812   0.0048   1.0000
  15.300   2.0047   0.01528   0.01105  -0.0805   0.0048   1.0000
  15.400   2.0100   0.01550   0.01127  -0.0797   0.0047   1.0000
  15.500   2.0154   0.01572   0.01149  -0.0790   0.0046   1.0000
  15.600   2.0209   0.01595   0.01172  -0.0783   0.0046   1.0000
  15.700   2.0264   0.01618   0.01196  -0.0776   0.0045   1.0000
  15.800   2.0314   0.01643   0.01220  -0.0768   0.0044   1.0000
  15.900   2.0358   0.01671   0.01248  -0.0759   0.0043   1.0000
  16.000   2.0412   0.01695   0.01273  -0.0752   0.0042   1.0000
  16.100   2.0467   0.01719   0.01297  -0.0746   0.0042   1.0000
  16.200   2.0515   0.01747   0.01325  -0.0738   0.0041   1.0000
  16.300   2.0562   0.01776   0.01354  -0.0731   0.0040   1.0000
  16.400   2.0615   0.01802   0.01381  -0.0724   0.0039   1.0000
  16.500   2.0668   0.01829   0.01408  -0.0718   0.0038   1.0000
  16.600   2.0711   0.01860   0.01440  -0.0710   0.0038   1.0000
  16.700   2.0757   0.01890   0.01470  -0.0703   0.0037   1.0000
  16.800   2.0806   0.01920   0.01500  -0.0696   0.0036   1.0000
  16.900   2.0856   0.01950   0.01531  -0.0690   0.0036   1.0000
  17.000   2.0898   0.01984   0.01566  -0.0683   0.0036   1.0000
  17.100   2.0945   0.02016   0.01598  -0.0676   0.0036   1.0000
  17.200   2.0996   0.02047   0.01630  -0.0670   0.0036   1.0000
  17.300   2.1042   0.02081   0.01664  -0.0664   0.0036   1.0000
  17.400   2.1080   0.02119   0.01703  -0.0657   0.0036   1.0000
  17.500   2.1124   0.02154   0.01739  -0.0651   0.0036   1.0000
  17.600   2.1170   0.02188   0.01773  -0.0645   0.0036   1.0000
  17.700   2.1205   0.02231   0.01816  -0.0638   0.0036   1.0000
  17.800   2.1243   0.02271   0.01858  -0.0632   0.0035   1.0000
  17.900   2.1287   0.02309   0.01896  -0.0626   0.0035   1.0000
  18.000   2.1324   0.02352   0.01940  -0.0620   0.0035   1.0000
  18.100   2.1356   0.02399   0.01987  -0.0613   0.0035   1.0000
  18.200   2.1397   0.02440   0.02029  -0.0608   0.0035   1.0000
  18.300   2.1434   0.02485   0.02074  -0.0602   0.0035   1.0000
  18.400   2.1460   0.02538   0.02128  -0.0595   0.0035   1.0000
  18.500   2.1491   0.02586   0.02177  -0.0589   0.0035   1.0000
  18.600   2.1526   0.02632   0.02224  -0.0584   0.0035   1.0000
  18.700   2.1541   0.02695   0.02288  -0.0577   0.0034   1.0000
  18.800   2.1574   0.02745   0.02338  -0.0572   0.0034   1.0000
  18.900   2.1600   0.02802   0.02396  -0.0566   0.0034   1.0000
  19.000   2.1616   0.02868   0.02464  -0.0560   0.0033   1.0000
  19.100   2.1649   0.02921   0.02517  -0.0555   0.0033   1.0000
  19.200   2.1668   0.02986   0.02583  -0.0549   0.0033   1.0000
  19.300   2.1680   0.03059   0.02657  -0.0544   0.0032   1.0000
  19.400   2.1705   0.03120   0.02719  -0.0539   0.0032   1.0000
  19.500   2.1715   0.03196   0.02796  -0.0534   0.0032   1.0000
  19.600   2.1728   0.03268   0.02869  -0.0529   0.0031   1.0000
  19.700   2.1753   0.03331   0.02932  -0.0524   0.0031   1.0000
  19.800   2.1749   0.03422   0.03025  -0.0519   0.0031   1.0000
  19.900   2.1766   0.03495   0.03099  -0.0514   0.0030   1.0000
  20.000   2.1780   0.03571   0.03177  -0.0510   0.0030   1.0000
  20.100   2.1780   0.03663   0.03270  -0.0506   0.0030   1.0000
  20.200   2.1797   0.03738   0.03345  -0.0502   0.0029   1.0000
  20.300   2.1792   0.03837   0.03446  -0.0498   0.0029   1.0000
  20.400   2.1807   0.03917   0.03527  -0.0495   0.0029   1.0000
  20.500   2.1823   0.03995   0.03606  -0.0492   0.0028   1.0000
  20.600   2.1817   0.04099   0.03711  -0.0489   0.0028   1.0000
  20.700   2.1825   0.04185   0.03798  -0.0485   0.0028   1.0000
  20.800   2.1816   0.04290   0.03905  -0.0482   0.0027   1.0000
  20.900   2.1817   0.04386   0.04002  -0.0479   0.0027   1.0000
  21.000   2.1826   0.04473   0.04091  -0.0476   0.0026   1.0000
  21.100   2.1807   0.04595   0.04214  -0.0474   0.0026   1.0000
  21.200   2.1812   0.04689   0.04310  -0.0472   0.0026   1.0000
  21.300   2.1804   0.04800   0.04423  -0.0469   0.0025   1.0000
  21.400   2.1795   0.04913   0.04537  -0.0468   0.0025   1.0000
  21.500   2.1801   0.05007   0.04632  -0.0466   0.0025   1.0000
  21.600   2.1773   0.05144   0.04771  -0.0464   0.0024   1.0000
  21.700   2.1771   0.05250   0.04878  -0.0463   0.0024   1.0000
  21.800   2.1761   0.05366   0.04995  -0.0461   0.0024   1.0000
  21.900   2.1738   0.05495   0.05126  -0.0460   0.0024   1.0000
  22.000   2.1739   0.05595   0.05228  -0.0459   0.0024   1.0000
  22.100   2.1705   0.05742   0.05377  -0.0458   0.0024   1.0000
  22.200   2.1696   0.05857   0.05494  -0.0457   0.0024   1.0000
  22.300   2.1686   0.05973   0.05611  -0.0457   0.0024   1.0000
  22.400   2.1649   0.06127   0.05768  -0.0457   0.0024   1.0000
  22.500   2.1644   0.06240   0.05881  -0.0456   0.0024   1.0000
  22.600   2.1604   0.06398   0.06041  -0.0457   0.0024   1.0000
  22.700   2.1585   0.06529   0.06174  -0.0457   0.0024   1.0000
  22.800   2.1579   0.06643   0.06290  -0.0457   0.0024   1.0000
  22.900   2.1524   0.06823   0.06472  -0.0458   0.0024   1.0000
  23.000   2.1510   0.06947   0.06597  -0.0458   0.0024   1.0000
  23.100   2.1464   0.07111   0.06764  -0.0460   0.0024   1.0000
  23.200   2.1431   0.07260   0.06915  -0.0461   0.0024   1.0000
  23.300   2.1418   0.07383   0.07040  -0.0461   0.0024   1.0000
  23.400   2.1353   0.07579   0.07238  -0.0463   0.0024   1.0000
  23.500   2.1330   0.07717   0.07377  -0.0465   0.0024   1.0000
  23.600   2.1311   0.07850   0.07512  -0.0466   0.0024   1.0000
  23.700   2.1239   0.08057   0.07722  -0.0469   0.0024   1.0000
  23.800   2.1219   0.08192   0.07859  -0.0471   0.0024   1.0000
  23.900   2.1162   0.08381   0.08050  -0.0474   0.0024   1.0000
  24.000   2.1119   0.08549   0.08220  -0.0477   0.0024   1.0000
  24.100   2.1098   0.08684   0.08357  -0.0478   0.0024   1.0000
  24.200   2.1016   0.08903   0.08579  -0.0483   0.0024   1.0000
  24.300   2.0982   0.09057   0.08734  -0.0485   0.0024   1.0000
  24.400   2.0960   0.09195   0.08874  -0.0488   0.0024   1.0000
  24.500   2.0870   0.09432   0.09114  -0.0493   0.0024   1.0000
  24.600   2.0839   0.09584   0.09268  -0.0496   0.0024   1.0000
  24.700   2.0818   0.09723   0.09408  -0.0499   0.0024   1.0000
  24.800   2.0720   0.09975   0.09663  -0.0506   0.0024   1.0000
  24.900   2.0690   0.10127   0.09817  -0.0509   0.0024   1.0000
  25.000   2.0667   0.10270   0.09962  -0.0513   0.0024   1.0000
  25.100   2.0566   0.10529   0.10224  -0.0521   0.0024   1.0000
  25.200   2.0535   0.10682   0.10379  -0.0525   0.0024   1.0000
  25.300   2.0509   0.10826   0.10525  -0.0529   0.0024   1.0000
  25.400   2.0404   0.11088   0.10790  -0.0537   0.0024   1.0000
  25.500   2.0367   0.11252   0.10955  -0.0542   0.0024   1.0000
  25.600   2.0340   0.11400   0.11105  -0.0547   0.0024   1.0000
  25.700   2.0242   0.11659   0.11367  -0.0556   0.0024   1.0000
  25.800   2.0201   0.11831   0.11542  -0.0562   0.0024   1.0000
  25.900   2.0176   0.11981   0.11693  -0.0568   0.0023   1.0000
  26.000   2.0088   0.12227   0.11942  -0.0577   0.0023   1.0000
  26.100   2.0040   0.12414   0.12131  -0.0585   0.0023   1.0000
  26.200   2.0013   0.12567   0.12285  -0.0591   0.0023   1.0000
  26.300   1.9986   0.12719   0.12439  -0.0597   0.0023   1.0000
  26.400   1.9878   0.13004   0.12727  -0.0610   0.0023   1.0000
  26.500   1.9846   0.13164   0.12889  -0.0617   0.0023   1.0000
  26.600   1.9819   0.13314   0.13041  -0.0624   0.0023   1.0000
  26.700   1.9706   0.13604   0.13334  -0.0638   0.0023   1.0000
  26.800   1.9667   0.13777   0.13509  -0.0646   0.0023   1.0000
  26.900   1.9646   0.13922   0.13655  -0.0653   0.0023   1.0000
  27.000   1.9547   0.14198   0.13935  -0.0667   0.0023   1.0000
  27.100   1.9513   0.14368   0.14107  -0.0676   0.0023   1.0000
  27.200   1.9481   0.14533   0.14273  -0.0685   0.0023   1.0000
  27.300   1.9453   0.14694   0.14435  -0.0694   0.0023   1.0000
  27.400   1.9342   0.14996   0.14742  -0.0711   0.0023   1.0000
  27.500   1.9312   0.15161   0.14908  -0.0721   0.0022   1.0000
  27.600   1.9283   0.15324   0.15073  -0.0730   0.0022   1.0000
  27.700   1.9171   0.15633   0.15385  -0.0749   0.0022   1.0000
  27.800   1.9137   0.15807   0.15561  -0.0760   0.0022   1.0000
  27.900   1.9111   0.15968   0.15724  -0.0770   0.0022   1.0000
  28.000   1.8998   0.16283   0.16043  -0.0791   0.0022   1.0000
  28.100   1.8965   0.16455   0.16216  -0.0802   0.0022   1.0000
  28.200   1.8940   0.16613   0.16375  -0.0812   0.0022   1.0000
  28.300   1.8928   0.16747   0.16511  -0.0822   0.0022   1.0000
  28.400   1.8797   0.17093   0.16861  -0.0845   0.0022   1.0000
  28.500   1.8756   0.17283   0.17052  -0.0859   0.0021   1.0000
  28.600   1.8744   0.17422   0.17193  -0.0869   0.0021   1.0000
  28.800   1.8592   0.17938   0.17715  -0.0906   0.0021   1.0000
  28.900   1.8547   0.18138   0.17916  -0.0921   0.0020   1.0000
  29.000   1.8440   0.18461   0.18243  -0.0945   0.0021   1.0000
  29.100   1.8393   0.18670   0.18454  -0.0961   0.0020   1.0000
  29.200   1.8383   0.18809   0.18594  -0.0972   0.0020   1.0000
  29.300   1.8345   0.19001   0.18788  -0.0988   0.0020   1.0000
  29.400   1.8220   0.19366   0.19157  -0.1016   0.0020   1.0000
  29.500   1.8207   0.19512   0.19305  -0.1028   0.0020   1.0000
  29.600   1.8180   0.19686   0.19480  -0.1043   0.0020   1.0000
  29.700   1.8025   0.20117   0.19916  -0.1077   0.0020   1.0000
  29.800   1.8004   0.20282   0.20082  -0.1091   0.0019   1.0000
  29.900   1.7983   0.20446   0.20248  -0.1105   0.0019   1.0000
