  
       XFOIL         Version 6.99
  
 Calculated polar for: NACA 4412                                       
  
 1 1 Reynolds number fixed          Mach number fixed         
  
 xtrf =   1.000 (top)        1.000 (bottom)  
 Mach =   0.000     Re =     3.000 e 6     Ncrit =   9.000
  
   alpha    CL        CD       CDp       CM     Top_Xtr  Bot_Xtr
  ------ -------- --------- --------- -------- -------- --------
  -4.800  -0.0653   0.00670   0.00172  -0.1032   0.7461   0.0356
  -4.600  -0.0427   0.00663   0.00164  -0.1032   0.7362   0.0384
  -4.400  -0.0198   0.00658   0.00157  -0.1033   0.7272   0.0399
  -4.200   0.0027   0.00652   0.00149  -0.1033   0.7169   0.0433
  -4.000   0.0256   0.00647   0.00143  -0.1034   0.7075   0.0459
  -3.800   0.0483   0.00643   0.00136  -0.1034   0.6977   0.0493
  -3.600   0.0709   0.00639   0.00131  -0.1034   0.6870   0.0533
  -3.400   0.0938   0.00635   0.00125  -0.1035   0.6773   0.0572
  -3.200   0.1164   0.00631   0.00120  -0.1035   0.6669   0.0619
  -3.000   0.1391   0.00628   0.00116  -0.1035   0.6562   0.0671
  -2.800   0.1619   0.00624   0.00111  -0.1036   0.6462   0.0727
  -2.600   0.1845   0.00623   0.00108  -0.1036   0.6352   0.0793
  -2.400   0.2073   0.00620   0.00105  -0.1037   0.6250   0.0850
  -2.200   0.2299   0.00617   0.00101  -0.1037   0.6149   0.0944
  -2.000   0.2525   0.00617   0.00099  -0.1038   0.6038   0.1018
  -1.800   0.2753   0.00614   0.00097  -0.1038   0.5940   0.1112
  -1.600   0.2980   0.00613   0.00095  -0.1039   0.5843   0.1224
  -1.400   0.3206   0.00612   0.00094  -0.1039   0.5740   0.1326
  -1.200   0.3434   0.00611   0.00093  -0.1040   0.5650   0.1437
  -1.000   0.3659   0.00611   0.00093  -0.1040   0.5549   0.1570
  -0.800   0.3887   0.00608   0.00093  -0.1041   0.5468   0.1715
  -0.600   0.4113   0.00608   0.00093  -0.1042   0.5375   0.1860
  -0.400   0.4341   0.00607   0.00094  -0.1042   0.5297   0.2025
  -0.200   0.4567   0.00607   0.00095  -0.1043   0.5212   0.2188
   0.000   0.4795   0.00605   0.00096  -0.1044   0.5140   0.2371
   0.200   0.5020   0.00606   0.00098  -0.1044   0.5059   0.2554
   0.400   0.5249   0.00604   0.00099  -0.1045   0.4998   0.2762
   0.600   0.5474   0.00604   0.00102  -0.1046   0.4923   0.2993
   0.800   0.5701   0.00601   0.00104  -0.1047   0.4867   0.3256
   1.000   0.5927   0.00598   0.00107  -0.1048   0.4805   0.3584
   1.200   0.6151   0.00594   0.00110  -0.1048   0.4738   0.3994
   1.400   0.6376   0.00578   0.00114  -0.1049   0.4694   0.4854
   1.600   0.6598   0.00567   0.00119  -0.1050   0.4639   0.5606
   1.800   0.6819   0.00559   0.00125  -0.1050   0.4575   0.6281
   2.000   0.7042   0.00549   0.00130  -0.1051   0.4535   0.6947
   2.200   0.7261   0.00539   0.00136  -0.1050   0.4484   0.7661
   2.400   0.7469   0.00528   0.00143  -0.1047   0.4421   0.8458
   2.600   0.7655   0.00513   0.00150  -0.1037   0.4387   0.9293
   2.800   0.7875   0.00511   0.00154  -0.1035   0.4337   0.9823
   3.000   0.8175   0.00519   0.00159  -0.1053   0.4266   0.9998
   3.200   0.8400   0.00525   0.00163  -0.1053   0.4223   1.0000
   3.400   0.8621   0.00533   0.00168  -0.1052   0.4162   1.0000
   3.600   0.8840   0.00542   0.00174  -0.1052   0.4089   1.0000
   3.800   0.9063   0.00549   0.00179  -0.1052   0.4022   1.0000
   4.000   0.9279   0.00561   0.00186  -0.1050   0.3925   1.0000
   4.200   0.9496   0.00573   0.00193  -0.1049   0.3821   1.0000
   4.400   0.9713   0.00584   0.00200  -0.1048   0.3715   1.0000
   4.600   0.9926   0.00599   0.00209  -0.1047   0.3594   1.0000
   4.800   1.0136   0.00615   0.00219  -0.1045   0.3460   1.0000
   5.000   1.0345   0.00633   0.00230  -0.1043   0.3321   1.0000
   5.200   1.0554   0.00650   0.00241  -0.1041   0.3186   1.0000
   5.400   1.0761   0.00669   0.00253  -0.1038   0.3041   1.0000
   5.600   1.0963   0.00691   0.00267  -0.1035   0.2874   1.0000
   5.800   1.1164   0.00715   0.00283  -0.1031   0.2700   1.0000
   6.000   1.1363   0.00739   0.00299  -0.1028   0.2525   1.0000
   6.200   1.1557   0.00767   0.00317  -0.1023   0.2332   1.0000
   6.400   1.1745   0.00800   0.00338  -0.1018   0.2124   1.0000
   6.600   1.1934   0.00831   0.00359  -0.1013   0.1916   1.0000
   6.800   1.2116   0.00867   0.00383  -0.1006   0.1703   1.0000
   7.000   1.2300   0.00901   0.00407  -0.1000   0.1509   1.0000
   7.200   1.2478   0.00939   0.00433  -0.0993   0.1311   1.0000
   7.400   1.2656   0.00976   0.00460  -0.0986   0.1136   1.0000
   7.600   1.2838   0.01009   0.00485  -0.0980   0.0994   1.0000
   7.800   1.3018   0.01042   0.00511  -0.0973   0.0867   1.0000
   8.000   1.3197   0.01075   0.00537  -0.0967   0.0754   1.0000
   8.200   1.3376   0.01107   0.00563  -0.0960   0.0665   1.0000
   8.400   1.3559   0.01135   0.00587  -0.0954   0.0601   1.0000
   8.600   1.3740   0.01164   0.00612  -0.0948   0.0537   1.0000
   8.800   1.3914   0.01196   0.00640  -0.0940   0.0475   1.0000
   9.000   1.4093   0.01223   0.00665  -0.0934   0.0436   1.0000
   9.200   1.4268   0.01252   0.00691  -0.0926   0.0397   1.0000
   9.400   1.4442   0.01280   0.00718  -0.0919   0.0368   1.0000
   9.600   1.4613   0.01310   0.00745  -0.0911   0.0337   1.0000
   9.800   1.4782   0.01338   0.00772  -0.0903   0.0315   1.0000
  10.000   1.4940   0.01370   0.00803  -0.0893   0.0287   1.0000
  10.200   1.5102   0.01397   0.00829  -0.0884   0.0273   1.0000
  10.400   1.5242   0.01429   0.00860  -0.0870   0.0256   1.0000
  10.600   1.5380   0.01461   0.00892  -0.0856   0.0239   1.0000
  10.800   1.5525   0.01490   0.00922  -0.0844   0.0230   1.0000
  11.000   1.5660   0.01525   0.00957  -0.0830   0.0218   1.0000
  11.200   1.5787   0.01565   0.00997  -0.0816   0.0203   1.0000
  11.400   1.5925   0.01599   0.01032  -0.0803   0.0197   1.0000
  11.600   1.6060   0.01636   0.01070  -0.0791   0.0189   1.0000
  11.800   1.6183   0.01679   0.01113  -0.0777   0.0180   1.0000
  12.000   1.6300   0.01726   0.01162  -0.0762   0.0169   1.0000
  12.200   1.6424   0.01770   0.01207  -0.0749   0.0164   1.0000
  12.400   1.6551   0.01814   0.01252  -0.0737   0.0160   1.0000
  12.600   1.6670   0.01863   0.01303  -0.0724   0.0155   1.0000
  12.800   1.6781   0.01917   0.01358  -0.0710   0.0149   1.0000
  13.000   1.6881   0.01979   0.01422  -0.0696   0.0143   1.0000
  13.200   1.6976   0.02047   0.01491  -0.0681   0.0136   1.0000
  13.400   1.7088   0.02104   0.01551  -0.0669   0.0134   1.0000
  13.600   1.7196   0.02165   0.01615  -0.0657   0.0131   1.0000
  13.800   1.7296   0.02234   0.01686  -0.0644   0.0128   1.0000
  14.000   1.7389   0.02309   0.01763  -0.0632   0.0124   1.0000
  14.200   1.7475   0.02391   0.01847  -0.0619   0.0120   1.0000
  14.400   1.7547   0.02483   0.01942  -0.0606   0.0116   1.0000
  14.600   1.7609   0.02587   0.02048  -0.0592   0.0111   1.0000
  14.800   1.7688   0.02680   0.02145  -0.0580   0.0109   1.0000
  15.000   1.7770   0.02774   0.02243  -0.0570   0.0108   1.0000
  15.200   1.7845   0.02875   0.02347  -0.0560   0.0106   1.0000
  15.400   1.7914   0.02983   0.02458  -0.0549   0.0104   1.0000
  15.600   1.7975   0.03100   0.02579  -0.0539   0.0102   1.0000
  15.800   1.8028   0.03227   0.02710  -0.0529   0.0100   1.0000
  16.000   1.8075   0.03364   0.02849  -0.0520   0.0098   1.0000
