  
       XFOIL         Version 6.99
  
 Calculated polar for: NACA 4412                                       
  
 1 1 Reynolds number fixed          Mach number fixed         
  
 xtrf =   1.000 (top)        1.000 (bottom)  
 Mach =   0.000     Re =    57.000 e 6     Ncrit =   9.000
  
   alpha    CL        CD       CDp       CM     Top_Xtr  Bot_Xtr
  ------ -------- --------- --------- -------- -------- --------
  -4.900  -0.0857   0.00503   0.00105  -0.1023   0.4259   0.0176
  -4.800  -0.0740   0.00501   0.00103  -0.1024   0.4252   0.0183
  -4.700  -0.0622   0.00498   0.00101  -0.1025   0.4246   0.0188
  -4.600  -0.0505   0.00496   0.00099  -0.1026   0.4236   0.0195
  -4.500  -0.0388   0.00494   0.00097  -0.1026   0.4217   0.0199
  -4.400  -0.0271   0.00493   0.00096  -0.1027   0.4193   0.0205
  -4.300  -0.0155   0.00492   0.00094  -0.1028   0.4163   0.0207
  -4.200  -0.0037   0.00491   0.00093  -0.1029   0.4139   0.0208
  -4.100   0.0080   0.00490   0.00092  -0.1030   0.4107   0.0209
  -4.000   0.0198   0.00488   0.00090  -0.1030   0.4095   0.0224
  -3.900   0.0316   0.00485   0.00088  -0.1031   0.4091   0.0232
  -3.800   0.0433   0.00483   0.00087  -0.1032   0.4087   0.0240
  -3.700   0.0551   0.00481   0.00085  -0.1033   0.4078   0.0245
  -3.600   0.0668   0.00481   0.00084  -0.1034   0.4061   0.0246
  -3.500   0.0785   0.00481   0.00083  -0.1035   0.4027   0.0248
  -3.400   0.0901   0.00480   0.00083  -0.1035   0.3996   0.0259
  -3.300   0.1018   0.00479   0.00082  -0.1036   0.3950   0.0267
  -3.200   0.1136   0.00478   0.00080  -0.1037   0.3936   0.0277
  -3.100   0.1254   0.00476   0.00079  -0.1038   0.3929   0.0286
  -3.000   0.1371   0.00474   0.00078  -0.1039   0.3920   0.0290
  -2.900   0.1488   0.00474   0.00077  -0.1040   0.3897   0.0291
  -2.800   0.1604   0.00475   0.00077  -0.1040   0.3846   0.0312
  -2.700   0.1721   0.00474   0.00076  -0.1041   0.3804   0.0326
  -2.600   0.1838   0.00473   0.00074  -0.1042   0.3779   0.0336
  -2.500   0.1956   0.00472   0.00074  -0.1043   0.3771   0.0340
  -2.300   0.2189   0.00472   0.00073  -0.1045   0.3715   0.0356
  -2.200   0.2305   0.00472   0.00073  -0.1045   0.3676   0.0374
  -2.100   0.2422   0.00471   0.00072  -0.1046   0.3631   0.0391
  -2.000   0.2539   0.00470   0.00071  -0.1047   0.3618   0.0397
  -1.900   0.2657   0.00470   0.00071  -0.1048   0.3606   0.0406
  -1.800   0.2773   0.00471   0.00071  -0.1049   0.3567   0.0429
  -1.700   0.2888   0.00471   0.00071  -0.1049   0.3516   0.0447
  -1.600   0.3005   0.00471   0.00070  -0.1050   0.3471   0.0459
  -1.500   0.3123   0.00470   0.00070  -0.1051   0.3462   0.0466
  -1.400   0.3239   0.00470   0.00070  -0.1052   0.3442   0.0494
  -1.300   0.3354   0.00472   0.00070  -0.1052   0.3392   0.0515
  -1.200   0.3470   0.00472   0.00070  -0.1053   0.3342   0.0536
  -1.100   0.3587   0.00472   0.00070  -0.1054   0.3312   0.0542
  -1.000   0.3704   0.00472   0.00070  -0.1055   0.3296   0.0548
  -0.900   0.3820   0.00473   0.00070  -0.1055   0.3264   0.0588
  -0.800   0.3935   0.00474   0.00071  -0.1056   0.3189   0.0613
  -0.700   0.4051   0.00474   0.00071  -0.1057   0.3159   0.0628
  -0.600   0.4168   0.00475   0.00071  -0.1058   0.3142   0.0636
  -0.500   0.4283   0.00477   0.00072  -0.1058   0.3095   0.0667
  -0.400   0.4398   0.00477   0.00073  -0.1059   0.3030   0.0715
  -0.300   0.4515   0.00477   0.00073  -0.1059   0.3003   0.0731
  -0.200   0.4631   0.00478   0.00073  -0.1060   0.2984   0.0737
  -0.100   0.4745   0.00482   0.00075  -0.1061   0.2921   0.0769
   0.000   0.4860   0.00483   0.00076  -0.1061   0.2862   0.0804
   0.100   0.4977   0.00482   0.00075  -0.1062   0.2844   0.0845
   0.200   0.5091   0.00485   0.00077  -0.1063   0.2800   0.0853
   0.300   0.5205   0.00488   0.00079  -0.1063   0.2719   0.0883
   0.400   0.5322   0.00488   0.00079  -0.1064   0.2701   0.0918
   0.500   0.5436   0.00490   0.00080  -0.1064   0.2655   0.0959
   0.600   0.5549   0.00493   0.00082  -0.1065   0.2580   0.0977
   0.700   0.5665   0.00494   0.00082  -0.1065   0.2546   0.1007
   0.800   0.5780   0.00497   0.00084  -0.1066   0.2508   0.1049
   0.900   0.5892   0.00500   0.00086  -0.1066   0.2422   0.1086
   1.000   0.6008   0.00500   0.00086  -0.1067   0.2396   0.1117
   1.100   0.6121   0.00505   0.00089  -0.1067   0.2333   0.1135
   1.200   0.6235   0.00507   0.00091  -0.1068   0.2265   0.1192
   1.300   0.6351   0.00508   0.00091  -0.1068   0.2244   0.1235
   1.400   0.6462   0.00513   0.00094  -0.1068   0.2170   0.1258
   1.500   0.6576   0.00516   0.00096  -0.1069   0.2102   0.1296
   1.600   0.6689   0.00520   0.00098  -0.1069   0.2051   0.1354
   1.700   0.6802   0.00522   0.00100  -0.1069   0.1993   0.1391
   1.800   0.6917   0.00524   0.00101  -0.1070   0.1953   0.1417
   1.900   0.7028   0.00529   0.00105  -0.1070   0.1887   0.1468
   2.000   0.7141   0.00532   0.00106  -0.1070   0.1811   0.1520
   2.100   0.7257   0.00533   0.00108  -0.1071   0.1802   0.1563
   2.200   0.7367   0.00540   0.00112  -0.1071   0.1711   0.1576
   2.300   0.7481   0.00542   0.00113  -0.1071   0.1665   0.1620
   2.400   0.7593   0.00545   0.00116  -0.1072   0.1625   0.1700
   2.500   0.7705   0.00550   0.00119  -0.1072   0.1537   0.1732
   2.700   0.7930   0.00558   0.00124  -0.1072   0.1461   0.1794
   2.800   0.8043   0.00561   0.00126  -0.1072   0.1392   0.1852
   2.900   0.8154   0.00565   0.00130  -0.1072   0.1352   0.1902
   3.000   0.8265   0.00571   0.00134  -0.1072   0.1268   0.1949
   3.100   0.8379   0.00572   0.00135  -0.1073   0.1252   0.2006
   3.200   0.8492   0.00574   0.00137  -0.1073   0.1233   0.2060
   3.300   0.8602   0.00581   0.00142  -0.1073   0.1162   0.2086
   3.500   0.8825   0.00589   0.00148  -0.1073   0.1072   0.2225
   3.600   0.8937   0.00593   0.00151  -0.1074   0.1020   0.2235
   3.800   0.9159   0.00603   0.00158  -0.1074   0.0933   0.2345
   3.900   0.9271   0.00606   0.00161  -0.1074   0.0901   0.2404
   4.000   0.9384   0.00609   0.00163  -0.1074   0.0868   0.2439
   4.100   0.9492   0.00615   0.00168  -0.1074   0.0815   0.2538
   4.200   0.9604   0.00619   0.00171  -0.1074   0.0784   0.2568
   4.300   0.9717   0.00622   0.00174  -0.1074   0.0759   0.2611
   4.400   0.9830   0.00624   0.00176  -0.1075   0.0751   0.2715
   4.500   0.9937   0.00632   0.00182  -0.1074   0.0684   0.2742
   4.600   1.0049   0.00635   0.00185  -0.1075   0.0655   0.2815
   4.700   1.0161   0.00638   0.00188  -0.1075   0.0641   0.2891
   4.800   1.0270   0.00643   0.00193  -0.1075   0.0615   0.2917
   4.900   1.0381   0.00648   0.00197  -0.1074   0.0571   0.2975
   5.000   1.0491   0.00652   0.00200  -0.1075   0.0548   0.3073
   5.100   1.0602   0.00657   0.00204  -0.1075   0.0534   0.3099
   5.200   1.0711   0.00662   0.00209  -0.1074   0.0494   0.3194
   5.300   1.0822   0.00665   0.00212  -0.1075   0.0477   0.3250
   5.400   1.0934   0.00668   0.00216  -0.1075   0.0471   0.3348
   5.600   1.1151   0.00679   0.00226  -0.1074   0.0409   0.3463
   5.700   1.1262   0.00682   0.00229  -0.1075   0.0401   0.3567
   5.800   1.1371   0.00687   0.00234  -0.1074   0.0386   0.3611
   5.900   1.1480   0.00691   0.00238  -0.1074   0.0368   0.3744
   6.000   1.1590   0.00696   0.00242  -0.1074   0.0347   0.3768
   6.100   1.1700   0.00699   0.00246  -0.1074   0.0340   0.3880
   6.200   1.1809   0.00703   0.00251  -0.1074   0.0330   0.3962
   6.300   1.1917   0.00709   0.00256  -0.1074   0.0312   0.4091
   6.400   1.2026   0.00713   0.00261  -0.1074   0.0288   0.4200
   6.500   1.2136   0.00716   0.00265  -0.1074   0.0285   0.4292
   6.600   1.2244   0.00720   0.00270  -0.1074   0.0277   0.4409
   6.700   1.2352   0.00726   0.00275  -0.1073   0.0265   0.4466
   6.800   1.2460   0.00730   0.00280  -0.1073   0.0252   0.4601
   6.900   1.2569   0.00734   0.00284  -0.1073   0.0241   0.4683
   7.000   1.2679   0.00738   0.00289  -0.1073   0.0239   0.4776
   7.100   1.2785   0.00744   0.00295  -0.1072   0.0227   0.4859
   7.200   1.2893   0.00748   0.00300  -0.1072   0.0220   0.4958
   7.300   1.3000   0.00753   0.00305  -0.1072   0.0203   0.5107
   7.400   1.3108   0.00757   0.00310  -0.1072   0.0200   0.5183
   7.500   1.3216   0.00761   0.00315  -0.1072   0.0197   0.5287
   7.600   1.3323   0.00766   0.00320  -0.1071   0.0192   0.5375
   7.700   1.3429   0.00772   0.00326  -0.1071   0.0184   0.5470
   7.800   1.3536   0.00777   0.00332  -0.1070   0.0176   0.5596
   7.900   1.3643   0.00781   0.00337  -0.1070   0.0168   0.5654
   8.000   1.3751   0.00785   0.00342  -0.1070   0.0165   0.5794
   8.100   1.3858   0.00790   0.00347  -0.1069   0.0164   0.5860
   8.200   1.3963   0.00795   0.00353  -0.1069   0.0159   0.5972
   8.300   1.4068   0.00801   0.00360  -0.1068   0.0152   0.6105
   8.400   1.4173   0.00807   0.00366  -0.1067   0.0145   0.6199
   8.500   1.4278   0.00812   0.00372  -0.1067   0.0137   0.6326
   8.600   1.4384   0.00815   0.00378  -0.1067   0.0135   0.6480
   8.700   1.4490   0.00820   0.00383  -0.1066   0.0134   0.6588
   8.800   1.4596   0.00825   0.00389  -0.1066   0.0132   0.6706
   8.900   1.4700   0.00830   0.00396  -0.1065   0.0129   0.6840
   9.000   1.4803   0.00836   0.00403  -0.1064   0.0125   0.6995
   9.200   1.5011   0.00846   0.00416  -0.1063   0.0116   0.7329
   9.300   1.5115   0.00850   0.00423  -0.1062   0.0111   0.7504
   9.400   1.5219   0.00854   0.00429  -0.1061   0.0109   0.7687
   9.500   1.5323   0.00858   0.00436  -0.1061   0.0109   0.7905
   9.600   1.5427   0.00861   0.00442  -0.1060   0.0108   0.8149
   9.700   1.5529   0.00866   0.00449  -0.1059   0.0106   0.8361
   9.800   1.5630   0.00871   0.00458  -0.1058   0.0103   0.8571
   9.900   1.5730   0.00877   0.00466  -0.1056   0.0098   0.8789
  10.000   1.5830   0.00882   0.00474  -0.1055   0.0095   0.8995
  10.100   1.5930   0.00886   0.00481  -0.1054   0.0091   0.9208
  10.200   1.6029   0.00890   0.00489  -0.1052   0.0088   0.9440
  10.300   1.6117   0.00891   0.00496  -0.1048   0.0087   0.9747
  10.400   1.6216   0.00896   0.00502  -0.1046   0.0086   0.9982
  10.500   1.6316   0.00903   0.00509  -0.1044   0.0086   1.0000
  10.600   1.6417   0.00910   0.00516  -0.1043   0.0085   1.0000
  10.700   1.6517   0.00918   0.00523  -0.1042   0.0084   1.0000
  10.800   1.6615   0.00926   0.00530  -0.1040   0.0083   1.0000
  10.900   1.6713   0.00935   0.00539  -0.1038   0.0081   1.0000
  11.000   1.6810   0.00944   0.00547  -0.1037   0.0079   1.0000
  11.100   1.6907   0.00953   0.00555  -0.1035   0.0076   1.0000
  11.200   1.7004   0.00962   0.00564  -0.1033   0.0074   1.0000
  11.300   1.7101   0.00970   0.00571  -0.1031   0.0072   1.0000
  11.400   1.7198   0.00979   0.00579  -0.1029   0.0070   1.0000
  11.500   1.7295   0.00987   0.00587  -0.1027   0.0068   1.0000
  11.600   1.7392   0.00995   0.00595  -0.1025   0.0067   1.0000
  11.700   1.7488   0.01004   0.00603  -0.1023   0.0067   1.0000
  11.800   1.7584   0.01012   0.00610  -0.1021   0.0067   1.0000
  11.900   1.7679   0.01020   0.00618  -0.1019   0.0066   1.0000
  12.000   1.7774   0.01029   0.00627  -0.1017   0.0066   1.0000
  12.100   1.7868   0.01038   0.00635  -0.1015   0.0065   1.0000
  12.200   1.7961   0.01048   0.00644  -0.1012   0.0064   1.0000
  12.300   1.8051   0.01058   0.00654  -0.1010   0.0063   1.0000
  12.400   1.8141   0.01069   0.00665  -0.1006   0.0061   1.0000
  12.500   1.8228   0.01081   0.00676  -0.1003   0.0059   1.0000
  12.600   1.8317   0.01091   0.00686  -0.1000   0.0057   1.0000
  12.700   1.8407   0.01102   0.00696  -0.0997   0.0056   1.0000
  12.800   1.8495   0.01112   0.00705  -0.0994   0.0054   1.0000
  12.900   1.8584   0.01122   0.00715  -0.0991   0.0053   1.0000
  13.000   1.8672   0.01132   0.00725  -0.0987   0.0051   1.0000
  13.100   1.8759   0.01142   0.00735  -0.0984   0.0050   1.0000
  13.200   1.8846   0.01152   0.00745  -0.0981   0.0050   1.0000
  13.300   1.8932   0.01162   0.00754  -0.0977   0.0050   1.0000
  13.400   1.9016   0.01172   0.00764  -0.0973   0.0050   1.0000
  13.500   1.9097   0.01183   0.00774  -0.0968   0.0050   1.0000
  13.600   1.9178   0.01193   0.00784  -0.0964   0.0050   1.0000
  13.700   1.9257   0.01204   0.00795  -0.0959   0.0050   1.0000
  13.800   1.9334   0.01214   0.00805  -0.0954   0.0049   1.0000
  13.900   1.9402   0.01225   0.00816  -0.0947   0.0049   1.0000
  14.000   1.9466   0.01237   0.00827  -0.0938   0.0049   1.0000
  14.100   1.9528   0.01249   0.00839  -0.0930   0.0049   1.0000
  14.200   1.9587   0.01262   0.00852  -0.0922   0.0048   1.0000
  14.300   1.9648   0.01275   0.00866  -0.0913   0.0047   1.0000
  14.400   1.9713   0.01289   0.00879  -0.0906   0.0047   1.0000
  14.500   1.9775   0.01303   0.00894  -0.0898   0.0046   1.0000
  14.600   1.9830   0.01320   0.00910  -0.0889   0.0045   1.0000
  14.700   1.9890   0.01336   0.00926  -0.0882   0.0044   1.0000
  14.800   1.9954   0.01351   0.00941  -0.0875   0.0044   1.0000
  14.900   2.0015   0.01367   0.00957  -0.0867   0.0043   1.0000
  15.000   2.0071   0.01384   0.00975  -0.0859   0.0042   1.0000
  15.100   2.0131   0.01401   0.00991  -0.0852   0.0041   1.0000
  15.200   2.0194   0.01418   0.01008  -0.0845   0.0040   1.0000
  15.300   2.0257   0.01434   0.01025  -0.0838   0.0040   1.0000
  15.400   2.0313   0.01453   0.01044  -0.0830   0.0039   1.0000
  15.500   2.0371   0.01472   0.01063  -0.0823   0.0038   1.0000
  15.600   2.0432   0.01490   0.01081  -0.0816   0.0037   1.0000
  15.700   2.0493   0.01508   0.01099  -0.0810   0.0036   1.0000
  15.800   2.0548   0.01529   0.01120  -0.0802   0.0036   1.0000
  15.900   2.0604   0.01549   0.01141  -0.0795   0.0036   1.0000
  16.000   2.0664   0.01569   0.01161  -0.0788   0.0036   1.0000
