  
       XFOIL         Version 6.99
  
 Calculated polar for: NACA 4412                                       
  
 1 1 Reynolds number fixed          Mach number fixed         
  
 xtrf =   1.000 (top)        1.000 (bottom)  
 Mach =   0.000     Re =    23.000 e 6     Ncrit =   9.000
  
   alpha    CL        CD       CDp       CM     Top_Xtr  Bot_Xtr
  ------ -------- --------- --------- -------- -------- --------
  -4.800  -0.0724   0.00540   0.00114  -0.1024   0.5132   0.0223
  -4.600  -0.0492   0.00535   0.00109  -0.1026   0.5051   0.0238
  -4.400  -0.0260   0.00533   0.00105  -0.1027   0.4977   0.0246
  -4.200  -0.0027   0.00531   0.00102  -0.1028   0.4896   0.0261
  -4.000   0.0206   0.00527   0.00098  -0.1030   0.4845   0.0280
  -3.800   0.0437   0.00525   0.00095  -0.1031   0.4749   0.0290
  -3.600   0.0672   0.00522   0.00092  -0.1033   0.4717   0.0306
  -3.400   0.0904   0.00519   0.00089  -0.1034   0.4654   0.0333
  -3.200   0.1137   0.00518   0.00086  -0.1035   0.4577   0.0342
  -3.000   0.1371   0.00514   0.00084  -0.1037   0.4553   0.0375
  -2.800   0.1603   0.00512   0.00081  -0.1038   0.4499   0.0396
  -2.600   0.1836   0.00511   0.00080  -0.1040   0.4424   0.0430
  -2.400   0.2070   0.00507   0.00077  -0.1042   0.4403   0.0461
  -2.200   0.2304   0.00506   0.00076  -0.1043   0.4367   0.0484
  -2.000   0.2536   0.00504   0.00074  -0.1045   0.4311   0.0531
  -1.800   0.2770   0.00502   0.00073  -0.1046   0.4254   0.0565
  -1.600   0.3004   0.00499   0.00071  -0.1048   0.4240   0.0619
  -1.400   0.3238   0.00498   0.00070  -0.1050   0.4206   0.0639
  -1.200   0.3470   0.00496   0.00070  -0.1051   0.4154   0.0720
  -1.000   0.3704   0.00496   0.00069  -0.1053   0.4096   0.0757
  -0.800   0.3938   0.00492   0.00068  -0.1055   0.4083   0.0837
  -0.600   0.4171   0.00492   0.00068  -0.1056   0.4049   0.0886
  -0.400   0.4402   0.00492   0.00069  -0.1058   0.3980   0.0970
  -0.200   0.4635   0.00492   0.00069  -0.1059   0.3930   0.1027
   0.000   0.4868   0.00491   0.00069  -0.1061   0.3895   0.1115
   0.200   0.5097   0.00494   0.00071  -0.1062   0.3807   0.1201
   0.400   0.5330   0.00493   0.00071  -0.1064   0.3761   0.1265
   0.800   0.5790   0.00497   0.00075  -0.1066   0.3612   0.1450
   1.000   0.6018   0.00500   0.00078  -0.1067   0.3525   0.1569
   1.200   0.6249   0.00502   0.00079  -0.1068   0.3453   0.1682
   1.400   0.6474   0.00508   0.00084  -0.1069   0.3336   0.1794
   1.600   0.6703   0.00510   0.00086  -0.1070   0.3261   0.1896
   1.800   0.6929   0.00516   0.00090  -0.1071   0.3147   0.2013
   2.000   0.7153   0.00523   0.00095  -0.1071   0.3011   0.2127
   2.200   0.7377   0.00531   0.00100  -0.1071   0.2891   0.2243
   2.400   0.7600   0.00538   0.00105  -0.1072   0.2774   0.2393
   2.600   0.7822   0.00547   0.00112  -0.1071   0.2624   0.2540
   2.800   0.8045   0.00554   0.00117  -0.1072   0.2505   0.2697
   3.000   0.8265   0.00565   0.00124  -0.1071   0.2353   0.2798
   3.200   0.8485   0.00575   0.00131  -0.1071   0.2210   0.2950
   3.400   0.8703   0.00586   0.00140  -0.1071   0.2059   0.3139
   3.600   0.8921   0.00596   0.00148  -0.1070   0.1921   0.3364
   3.800   0.9139   0.00607   0.00156  -0.1070   0.1778   0.3555
   4.000   0.9355   0.00619   0.00165  -0.1069   0.1633   0.3752
   4.400   0.9789   0.00637   0.00184  -0.1068   0.1381   0.4426
   4.600   1.0004   0.00647   0.00195  -0.1067   0.1250   0.4771
   4.800   1.0218   0.00659   0.00206  -0.1066   0.1124   0.5082
   5.000   1.0433   0.00670   0.00217  -0.1065   0.1030   0.5385
   5.200   1.0645   0.00682   0.00229  -0.1064   0.0918   0.5681
   5.400   1.0862   0.00690   0.00238  -0.1064   0.0844   0.5977
